02463d252.png,02463d608.png,02463d632.png,04200d68.png,04201d132.png,04201d380.png,04201d426.png,04202d133.png,04202d392.png,04202d544.png
1.0,0.8005654,0.6828614,0.06916829,0.44604015,0.3700146,0.3194902,0.18769205,0.2714825,0.23116599
0.8005654,1.0,0.77527404,0.15686026,0.505791,0.5579324,0.47924638,0.19468278,0.32632273,0.25468212
0.6828614,0.77527404,1.0000001,0.11796009,0.3588107,0.36203903,0.32788262,0.17288983,0.2743743,0.20925798
0.06916829,0.15686026,0.11796009,1.0000001,0.21334596,0.35757396,0.3554696,0.2371947,0.093580306,0.19483548
0.44604015,0.505791,0.3588107,0.21334596,1.0,0.6941555,0.73932743,0.3224173,0.40667918,0.35171694
0.3700146,0.5579324,0.36203903,0.35757396,0.6941555,1.0,0.8844874,0.36648285,0.51082855,0.42485118
0.3194902,0.47924638,0.32788262,0.3554696,0.73932743,0.8844874,1.0,0.33390796,0.41242146,0.3398035
0.18769205,0.19468278,0.17288983,0.2371947,0.3224173,0.36648285,0.33390796,1.0000001,0.850617,0.88367754
0.2714825,0.32632273,0.2743743,0.093580306,0.40667918,0.51082855,0.41242146,0.850617,1.0000001,0.92317367
0.23116599,0.25468212,0.20925798,0.19483548,0.35171694,0.42485118,0.3398035,0.88367754,0.92317367,1.0
