02463d252.png,02463d608.png,02463d632.png,04200d68.png,04201d132.png,04201d380.png,04201d426.png,04202d133.png,04202d392.png,04202d544.png
0.0,0.3988697,0.63427746,1.8616633,1.1079196,1.2599704,1.3610196,1.6246157,1.4570348,1.5376681
0.3988697,0.0,0.4494521,1.6862794,0.9884178,0.88413525,1.0415077,1.6106344,1.3473545,1.4906359
0.63427746,0.4494521,0.0,1.7640798,1.2823787,1.2759213,1.344235,1.6542205,1.4512513,1.5814838
1.8616633,1.6862794,1.7640798,0.0,1.5733081,1.2848517,1.2890606,1.5256106,1.8128393,1.6103288
1.1079196,0.9884178,1.2823787,1.5733081,0.0,0.61168873,0.5213448,1.3551658,1.186641,1.2965666
1.2599704,0.88413525,1.2759213,1.2848517,0.61168873,0.0,0.23102468,1.2670344,0.9783432,1.1502974
1.3610196,1.0415077,1.344235,1.2890606,0.5213448,0.23102468,0.0,1.3321841,1.1751575,1.3203931
1.6246157,1.6106344,1.6542205,1.5256106,1.3551658,1.2670344,1.3321841,0.0,0.2987665,0.23264498
1.4570348,1.3473545,1.4512513,1.8128393,1.186641,0.9783432,1.1751575,0.2987665,0.0,0.15365243
1.5376681,1.4906359,1.5814838,1.6103288,1.2965666,1.1502974,1.3203931,0.23264498,0.15365243,0.0
